calib_time: 00000
corner_dist: 9.454000e+01
S_00: 4.112000e+03 3.008000e+03
K_00: 3.578431e+03 0.000000e+00 2.059332e+03 0.000000e+00 3.584675e+03 1.499960e+03 0.000000e+00 0.000000e+00 1.000000e+00
D_00: -1.255653e-01 2.019287e-01 0.000000e+00 0.000000e+00 0.000000e+00
R_00: 1.000000e+00 0.000000e+00 0.000000e+00 0.000000e+00 1.000000e+00 0.000000e+00 0.000000e+00 0.000000e+00 1.000000e+00
T_00: 0 0 0
S_01: 4.112000e+03 3.008000e+03
K_01: 3.557811e+03 0.000000e+00 2.059270e+03 0.000000e+00 3.563171e+03 1.486466e+03 0.000000e+00 0.000000e+00 1.000000e+00
D_01: -1.266560e-01 2.010944e-01 0.000000e+00 0.000000e+00 0.000000e+00
R_01: 9.993968e-01 4.322011e-03 3.445901e-02 -4.819248e-03 9.998853e-01 1.435982e-02 -3.439300e-02 -1.451722e-02 9.993029e-01
T_01: -2.736426e-01 2.863339e-03 6.887711e-03
S_rect_00: 3.645000000000e+03 2.687000000000e+03
R_rect_00: 9.999414507916e-01 -5.773029974457e-03 9.152437586459e-03 5.706238252987e-03 9.999570217032e-01 7.307091862225e-03 -9.194228290627e-03 -7.254438048317e-03 9.999314172956e-01
P_rect_00: 3.332508470553e+03 0.000000000000e+00 1.857011985148e+03 0.000000000000e+00 0.000000000000e+00 3.332508470553e+03 1.334935489660e+03 0.000000000000e+00 0.000000000000e+00 0.000000000000e+00 1.000000000000e+00 0.000000000000e+00
S_rect_01: 3.645000000000e+03 2.687000000000e+03
R_rect_01: 9.996286853428e-01 -1.045990573201e-02 -2.516111706274e-02 1.027641656259e-02 9.999197340274e-01 -7.410854555387e-03 2.523661432125e-02 7.149536676352e-03 9.996559395227e-01
P_rect_01: 3.332508470553e+03 0.000000000000e+00 1.857011985148e+03 -9.122550160627e+02 0.000000000000e+00 3.332508470553e+03 1.334935489660e+03 0.000000000000e+00 0.000000000000e+00 0.000000000000e+00 1.000000000000e+00 0.000000000000e+00
Q: 1.000000000000e+00 0.000000000000e+00 0.000000000000e+00 -1.857011985148e+03 0.000000000000e+00 1.000000000000e+00 0.000000000000e+00 -1.334935489660e+03 0.000000000000e+00 0.000000000000e+00 0.000000000000e+00 3.332508470553e+03 0.000000000000e+00 0.000000000000e+00 3.653044830530e+00 -0.000000000000e+00
