#calib_time: 0000
#description: use R/T/S to transform campoint c into laser coordinates l=R*S*c+T
R: -0.28657996091304905 -0.01928324545203607 -0.9578622460708595 -0.9580423370973411 0.011171102439449007 0.28640895027801067 0.005177483185867411 0.9997516506188543 -0.021675579640143272
T: -2.2427561526458475 0.6609914597862835 -1.1397627604065728
S: 1.0
