#calib_time: 0000
#description: use R/T/S to transform campoint c into laser coordinates l=R*S*c+T
R: 0.008921911374673082 0.014233885088496958 -0.9998588880500637 -0.999930503275418 -0.007578899774423435 -0.009030442822937444 -0.007706368586537829 0.9998699699428405 0.014165277608000298
T: -1.9802346985133523 -0.23509883479969332 -1.1877681450134097
S: 1.0
