calib_time: 00000
corner_dist: 9.454000e+01
S_00: 4.112000e+03 3.008000e+03
K_00: 3.551469e+03 0.000000e+00 2.097913e+03 0.000000e+00 3.557509e+03 1.503315e+03 0.000000e+00 0.000000e+00 1.000000e+00
D_00: -1.257106e-01 2.251207e-01 2.393851e-04 2.200211e-03 -5.915237e-02
R_00: 1.000000e+00 0.000000e+00 0.000000e+00 0.000000e+00 1.000000e+00 0.000000e+00 0.000000e+00 0.000000e+00 1.000000e+00
T_00: 0 0 0
S_01: 4.112000e+03 3.008000e+03
K_01: 3.517988e+03 0.000000e+00 2.080763e+03 0.000000e+00 3.521824e+03 1.502529e+03 0.000000e+00 0.000000e+00 1.000000e+00
D_01: -1.384598e-01 2.610448e-01 -7.154935e-05 7.478360e-04 -1.142847e-01
R_01: 9.999680e-01 -3.526362e-03 -7.184760e-03 3.570976e-03 9.999744e-01 6.206269e-03 7.162691e-03 -6.231727e-03 9.999549e-01
T_01: -3.288463e-01 -5.403030e-04 -3.346077e-03
S_rect_00: 3.678000000000e+03 2.668000000000e+03
R_rect_00: 9.999936051339e-01 -1.946683474320e-03 3.000019134260e-03 1.937363827991e-03 9.999932987065e-01 3.106310259239e-03 -3.006046033099e-03 -3.100478266247e-03 9.999906753174e-01
P_rect_00: 3.266704298365e+03 0.000000000000e+00 1.844959491010e+03 0.000000000000e+00 0.000000000000e+00 3.266704298365e+03 1.333382819845e+03 0.000000000000e+00 0.000000000000e+00 0.000000000000e+00 1.000000000000e+00 0.000000000000e+00
S_rect_01: 3.678000000000e+03 2.668000000000e+03
R_rect_01: 9.999468871132e-01 1.642938670582e-03 1.017465995570e-02 -1.611354307617e-03 9.999938606038e-01 -3.111638141335e-03 -1.017970972006e-02 3.095077891102e-03 9.999433953994e-01
P_rect_01: 3.266704298365e+03 0.000000000000e+00 1.844959491010e+03 -1.074300680922e+03 0.000000000000e+00 3.266704298365e+03 1.333382819845e+03 0.000000000000e+00 0.000000000000e+00 0.000000000000e+00 1.000000000000e+00 0.000000000000e+00
Q: 1.000000000000e+00 0.000000000000e+00 0.000000000000e+00 -1.844959491010e+03 0.000000000000e+00 1.000000000000e+00 0.000000000000e+00 -1.333382819845e+03 0.000000000000e+00 0.000000000000e+00 0.000000000000e+00 3.266704298365e+03 0.000000000000e+00 0.000000000000e+00 3.040772808188e+00 -0.000000000000e+00
